export const config = {
  steps: [
    {
      div_id: "home",
      camera_matrix: [
        0.1411142377637039, 2.7755575615628914e-17, 0.9899933191190577, 0,
        -0.10768952679488566, 0.9940660638750862, 0.015350129334526001, 0,
        -0.9841187619993139, -0.1087780338666455, 0.14027687489049823, 0,
        -331.0087472030906, 29.748431845490387, -8.59731880046958, 1,
      ],
    },
    {
      div_id: "projects",
      camera_matrix: [
        0.9247284400987568, 0, -0.38062752406062295, 0, -0.35426536095870925,
        0.3656809636634083, -0.8606819893776078, 0, 0.13918823979530573,
        0.9307402606604064, 0.33815558710227367, 0, -1.8065198014634163,
        502.6697330644424, 135.0486063606868, 1,
      ],
    },
    {
      div_id: "about",
      camera_matrix: [
        -0.8460726008061255, 1.1102230246251565e-16, -0.5330676825368037, 0,
        0.5330676825365371, 0.000001000044449472881, -0.8460726008057025, 0,
        5.330913770418277e-7, -0.9999999999995, -8.461102083412442e-7, 0,
        -3.007273802625343, -110.44856643982516, 21.708091372115398, 1,
      ],
    },
  ],
  duration_step_move: 1000,
};
